70	67	3	67	0
600	6630	3170	1553	1577	100	60	66	1335	3174	1163	2260	3649	4581	5493	6469	7360	8277	10129	11051	0
MIN.TH.24.4MM







 
 NY F A7000
 NY F H8500

0000



T
1234


2
3
4
5
1	4
0	4
0	4
0	4
0	4
0	4
0	1
0	1
1	8
0	3
0	2
0	5
0	4
0	4
0	4
0	4
1	4
1	6
0	2
0	2
1	0
1	0
1	0
1	0
20.00	5.80	0.00	0	7.0
0.00	6.00	0.00	0	5.5
0.00	0.00	0.00	0	5.5
120.00	0.00	3.50	1	5.5
0.00	0.00	0.00	0	0.0
0.00	0.00	0.00	0	0.0
0.00	0.00	0.00	0	0.0
0.00	0.00	0.00	0	0.0
20.00	7.00	0.00	0	5.5
0.00	7.00	0.00	0	5.5
0.00	1.00	0.00	0	6.0
0.00	0.00	0.00	1	6.0
0.00	3.00	3.00	1	0.0
0.00	0.00	0.00	1	0.0
0.00	0.00	0.00	0	0.0
0.00	0.00	0.00	0	0.0
183.00	4.00	0.00	0	7.0
163.00	4.00	0.00	0	6.0
73.00	4.00	0.00	0	6.0
0.00	4.00	0.00	0	6.0
0.00	0.00	0.00	0	0.0
0.00	0.00	0.00	0	0.0
0.00	0.00	0.00	0	0.0
0.00	0.00	0.00	0	0.0
0	0	0	0	0	0	0	0	0	0	
0
0	0	0
60	80
1
0	0
0.02
0.000000
