42	42	0	42	0
630	6630	3090	1700	1735	100	50	54	1335	3174	1163	2260	3649	4581	5493	6469	7360	8277	10129	11051	0
MIN.TH.16MM

                   





 
 NY F 07700
 NY F H8500





T
1234


2
3
4
5
1	4
0	4
0	4
0	4
0	4
0	4
0	1
0	1
1	6
1	4
0	0
0	4
0	4
0	4
0	4
0	4
1	4
1	6
0	2
0	2
1	0
1	0
1	0
1	0
10.00	7.50	0.00	0	4.0
0.00	8.00	0.00	0	3.5
0.00	8.00	0.00	0	3.5
120.00	0.00	3.50	1	5.0
0.00	0.00	0.00	0	0.0
0.00	0.00	0.00	0	0.0
0.00	0.00	0.00	0	0.0
0.00	0.00	0.00	0	0.0
20.00	9.00	0.00	0	3.5
0.00	9.00	0.00	0	3.5
0.00	1.00	0.00	0	6.0
0.00	0.00	0.00	1	6.0
0.00	3.00	3.00	1	0.0
0.00	0.00	0.00	1	0.0
0.00	0.00	0.00	0	0.0
0.00	0.00	0.00	0	0.0
183.00	4.00	0.00	0	7.0
163.00	4.00	0.00	0	6.0
73.00	4.00	0.00	0	6.0
0.00	4.00	0.00	0	6.0
0.00	0.00	0.00	0	0.0
0.00	0.00	0.00	0	0.0
0.00	0.00	0.00	0	0.0
0.00	0.00	0.00	0	0.0
0	0	0	0	0	0	0	0	0	0	
0
0	0	0
60	80
1
0	0
0.30
5.000000
