108	104	4	104	41
630	6630	3090	1440	1480	100	50	74	1335	3174	1163	2260	3649	4581	5493	6469	7360	8277	10129	11051	0
MIN. TH 26.0 MM








 NY F J5000














1	4
0	4
0	4
0	4
0	4
0	4
0	1
0	1
1	6
1	4
0	0
0	4
0	4
0	4
0	4
0	4
1	4
1	6
0	2
0	2
1	0
1	0
1	0
1	0
20.00	0.00	0.00	0	6.0
0.00	0.00	0.00	0	5.0
0.00	0.00	0.00	0	5.0
120.00	0.00	3.50	1	5.0
0.00	0.00	0.00	0	0.0
0.00	0.00	0.00	0	0.0
0.00	0.00	0.00	0	0.0
0.00	0.00	0.00	0	0.0
20.00	1.00	0.00	0	5.0
0.00	1.00	0.00	0	5.0
0.00	1.00	0.00	0	6.0
0.00	0.00	0.00	1	6.0
0.00	3.00	3.00	1	0.0
0.00	0.00	0.00	1	0.0
0.00	0.00	0.00	0	0.0
0.00	0.00	0.00	0	0.0
183.00	4.00	0.00	0	7.0
163.00	4.00	0.00	0	6.0
73.00	4.00	0.00	0	6.0
0.00	4.00	0.00	0	6.0
0.00	0.00	0.00	0	0.0
0.00	0.00	0.00	0	0.0
0.00	0.00	0.00	0	0.0
0.00	0.00	0.00	0	0.0
0	0	0	0	0	0	0	0	0	0	
0
0	0	0
60	80
1
0	0
0.00
5.000000
